-2.50E-16,0.001664424,0.002496763,0.003329165,0.004161613,0.004994091,0.005826583,0.006659072,0.007491543,0.008323978,0.009156362,0.009988678,0.010820909,0.011653039,0.012485052,0.013316931,0.014148659,0.014980221,0.015811599,0.016642777,0.017473739,0.018304467,0.019134944,0.019965155,0.020795082,0.021624709,0.022454018,0.023282992,0.024111615,0.024939869,0.025767737,0.026595202,0.027422246,0.028248853,0.029075003,0.02990068,0.030725867,0.031550544,0.032374695,0.033198301,0.034021343,0.034843805,0.035665666,0.036486909,0.037307514,0.038127464,0.038946737,0.039765316,0.040583181,0.041400311,0.042216687,0.043032289,0.043847096,0.044661088,0.045474243,0.04628654,0.047097958,0.047908474,0.048718066,0.049526711,0.050334388,0.051141071,0.051946737,0.052751362,0.053554921,0.054357389,0.05515874,0.055958947,0.056757984,0.057555824,0.058352438,0.059147798,0.059941874,0.060734637,0.061526055,0.062316098,0.063104734,0.063891929,0.06467765,0.065461862,0.066244531,0.067025621,0.067805093,0.068582912,0.069359038,0.070133432,0.070906054,0.071676862,0.072445815,0.073212871,0.073977985,0.074741114,0.075502212,0.076261235,0.077018134,0.077772865,0.078525379,0.079275628,0.080023564,0.080769139,0.000832164
0.000832164,0.002496677,0.003329058,0.0041615,0.004993988,0.005826504,0.006659033,0.007491558,0.008324063,0.009156531,0.009988946,0.010821291,0.011653551,0.012485709,0.013317747,0.014149651,0.014981402,0.015812986,0.016644384,0.01747558,0.018306559,0.019137302,0.019967794,0.020798017,0.021627955,0.02245759,0.023286907,0.024115887,0.024944513,0.025772769,0.026600637,0.027428101,0.028255141,0.029081742,0.029907884,0.030733552,0.031558726,0.032383389,0.033207523,0.03403111,0.034854132,0.035676569,0.036498404,0.037319617,0.038140191,0.038960105,0.03977934,0.040597878,0.041415698,0.042232781,0.043049105,0.043864652,0.0446794,0.045493329,0.046306416,0.047118642,0.047929983,0.048740418,0.049549924,0.050358478,0.051166057,0.051972638,0.052778196,0.053582706,0.054386143,0.055188483,0.055989698,0.056789762,0.057588649,0.058386329,0.059182775,0.059977958,0.060771848,0.061564414,0.062355626,0.063145452,0.063933859,0.064720813,0.065506281,0.066290229,0.067072619,0.067853416,0.068632582,0.069410078,0.070185867,0.070959908,0.07173216,0.072502581,0.07327113,0.074037763,0.074802436,0.075565104,0.076325722,0.077084243,0.077840622,0.07859481,0.07934676,0.080096423,0.080843751,0.081588696,0.001664373
0.001664424,0.003329022,0.004161444,0.004993926,0.005826452,0.006659005,0.007491569,0.008324128,0.009156666,0.009989165,0.01082161,0.011653985,0.012486272,0.013318455,0.014150518,0.014982445,0.015814218,0.016645821,0.017477238,0.018308451,0.019139445,0.019970203,0.020800707,0.02163094,0.022460887,0.02329053,0.024119852,0.024948836,0.025777465,0.026605721,0.027433588,0.028261047,0.029088082,0.029914675,0.030740808,0.031566464,0.032391624,0.033216271,0.034040387,0.034863952,0.03568695,0.036509361,0.037331167,0.038152349,0.038972888,0.039792764,0.040611959,0.041430453,0.042248225,0.043065257,0.043881527,0.044697016,0.045511701,0.046325563,0.04713858,0.04795073,0.048761991,0.049572341,0.050381757,0.051190216,0.051997694,0.052804167,0.053609612,0.054414002,0.055217313,0.056019519,0.056820593,0.057620509,0.058419238,0.059216753,0.060013024,0.060808023,0.06160172,0.062394082,0.06318508,0.06397468,0.06476285,0.065549556,0.066334762,0.067118435,0.067900537,0.068681031,0.06945988,0.070237044,0.071012485,0.071786161,0.072558031,0.073328054,0.074096186,0.074862383,0.075626601,0.076388794,0.077148918,0.077906924,0.078662767,0.079416398,0.080167769,0.080916831,0.081663536,0.082407835,0.002496677
0.002496763,0.004161444,0.004993905,0.005826425,0.006658988,0.007491577,0.008324175,0.009156767,0.009989336,0.010821866,0.011654339,0.012486741,0.013319054,0.014151262,0.014983348,0.015815296,0.016647089,0.017478711,0.018310145,0.019141374,0.019972382,0.020803151,0.021633666,0.022463909,0.023293864,0.024123512,0.024952838,0.025781824,0.026610453,0.027438708,0.028266571,0.029094025,0.029921053,0.030747636,0.031573758,0.0323994,0.033224544,0.034049173,0.034873267,0.03569681,0.036519781,0.037342164,0.038163939,0.038985086,0.039805588,0.040625424,0.041444576,0.042263023,0.043080745,0.043897723,0.044713935,0.045529362,0.046343982,0.047157774,0.047970717,0.048782788,0.049593965,0.050404226,0.051213547,0.052021906,0.052829278,0.05363564,0.054440966,0.055245232,0.056048411,0.056850477,0.057651405,0.058451165,0.059249731,0.060047074,0.060843165,0.061637973,0.062431469,0.06322362,0.064014396,0.064803762,0.065591687,0.066378135,0.06716307,0.067946459,0.068728262,0.069508444,0.070286965,0.071063786,0.071838867,0.072612167,0.073383643,0.074153254,0.074920956,0.075686704,0.076450454,0.07721216,0.077971775,0.078729252,0.079484544,0.080237602,0.080988379,0.081736825,0.082482891,0.083226528,0.003329058
0.003329165,0.004993926,0.005826425,0.006658982,0.00749158,0.008324203,0.009156835,0.009989458,0.010822057,0.011654615,0.012487116,0.013319544,0.014151881,0.014984112,0.01581622,0.016648188,0.017479999,0.018311638,0.019143088,0.019974331,0.020805351,0.021636132,0.022466656,0.023296907,0.024126867,0.024956519,0.025785848,0.026614834,0.027443462,0.028271713,0.029099571,0.029927018,0.030754037,0.031580609,0.032406717,0.033232343,0.034057469,0.034882077,0.035706148,0.036529665,0.037352609,0.03817496,0.038996701,0.039817812,0.040638274,0.041458067,0.042277172,0.04309557,0.043913239,0.044730159,0.045546311,0.046361673,0.047176224,0.047989943,0.048802807,0.049614795,0.050425884,0.051236052,0.052045275,0.05285353,0.053660792,0.054467036,0.055272239,0.056076375,0.056879417,0.057681338,0.058482113,0.059281713,0.060080109,0.060877273,0.061673176,0.062467786,0.063261074,0.064053006,0.064843551,0.065632676,0.066420346,0.067206527,0.067991183,0.068774277,0.069555772,0.070335631,0.071113813,0.071890279,0.072664989,0.0734379,0.074208971,0.074978158,0.075745417,0.076510703,0.077273971,0.078035174,0.078794266,0.079551199,0.080305925,0.081058396,0.081808563,0.082556377,0.083301788,0.084044747,0.0041615
0.004161613,0.005826452,0.006658988,0.00749158,0.008324213,0.009156868,0.009989531,0.010822185,0.011654812,0.012487398,0.013319925,0.014152377,0.014984737,0.01581699,0.016649117,0.017481104,0.018312933,0.019144588,0.019976051,0.020807307,0.021638338,0.022469128,0.023299659,0.024129916,0.02495988,0.025789535,0.026618864,0.027447849,0.028276474,0.02910472,0.029932571,0.030760009,0.031587016,0.032413575,0.033239667,0.034065275,0.034890381,0.035714966,0.036539012,0.037362501,0.038185414,0.039007732,0.039829437,0.040650508,0.041470928,0.042290675,0.043109731,0.043928076,0.044745689,0.045562549,0.046378637,0.047193931,0.048008409,0.04882205,0.049634833,0.050446734,0.051257731,0.052067802,0.052876922,0.053685067,0.054492214,0.055298337,0.056103412,0.056907412,0.057710311,0.058512082,0.059312698,0.06011213,0.06091035,0.061707329,0.062503036,0.063297441,0.064090513,0.064882218,0.065672525,0.066461399,0.067248806,0.06803471,0.068819076,0.069601866,0.070383043,0.071162567,0.071940399,0.0727165,0.073490826,0.074263337,0.075033989,0.075802739,0.076569541,0.077334351,0.078097123,0.07885781,0.079616364,0.080372738,0.081126884,0.081878752,0.082628294,0.08337546,0.0841202,0.084862465,0.004993988
0.004994091,0.006659005,0.007491577,0.008324203,0.009156868,0.009989555,0.010822248,0.01165493,0.012487585,0.013320197,0.014152748,0.014985223,0.015817605,0.016649878,0.017482024,0.018314028,0.019145873,0.019977542,0.020809018,0.021640284,0.022471325,0.023302122,0.02413266,0.024962921,0.025792887,0.026622543,0.027451871,0.028280853,0.029109473,0.029937712,0.030765554,0.031592981,0.032419974,0.033246518,0.034072592,0.03489818,0.035723263,0.036547823,0.037371842,0.038195301,0.039018181,0.039840463,0.040662128,0.041483158,0.042303532,0.043123231,0.043942235,0.044760524,0.045578077,0.046394874,0.047210894,0.048026116,0.048840518,0.049654079,0.050466776,0.051278586,0.052089487,0.052899456,0.053708468,0.0545165,0.055323526,0.056129523,0.056934464,0.057738322,0.058541073,0.059342687,0.060143138,0.060942396,0.061740434,0.06253722,0.063332725,0.064126917,0.064919764,0.065711234,0.066501293,0.067289908,0.068077042,0.068862661,0.069646727,0.070429203,0.07121005,0.071989229,0.0727667,0.073542423,0.074316354,0.075088452,0.075858672,0.076626971,0.077393304,0.078157624,0.078919886,0.079680041,0.080438043,0.081193843,0.081947393,0.082698642,0.083447543,0.084194045,0.084938098,0.085679654,0.005826504
0.005826583,0.007491569,0.008324175,0.009156835,0.009989531,0.010822248,0.01165497,0.012487679,0.01332036,0.014152996,0.014985571,0.015818067,0.01665047,0.017482761,0.018314924,0.019146944,0.019978803,0.020810484,0.021641971,0.022473247,0.023304295,0.024135099,0.024965641,0.025795904,0.026625871,0.027455526,0.028284851,0.029113828,0.029942441,0.030770671,0.031598502,0.032425916,0.033252895,0.03407942,0.034905475,0.03573104,0.036556099,0.037380632,0.03820462,0.039028046,0.039850891,0.040673134,0.041494758,0.042315743,0.043136069,0.043955716,0.044774665,0.045592895,0.046410386,0.047227116,0.048043065,0.048858212,0.049672534,0.050486009,0.051298616,0.052110332,0.052921132,0.053730994,0.054539894,0.055347807,0.056154709,0.056960573,0.057765375,0.058569087,0.059371683,0.060173134,0.060973413,0.061772491,0.062570338,0.063366925,0.064162219,0.06495619,0.065748806,0.066540032,0.067329835,0.068118181,0.068905034,0.069690356,0.070474112,0.071256263,0.07203677,0.072815593,0.073592691,0.074368023,0.075141547,0.075913218,0.076682994,0.077450829,0.078216678,0.078980494,0.079742231,0.080501841,0.081259275,0.082014486,0.082767423,0.083518039,0.084266282,0.085012104,0.085755454,0.086496283,0.006659033
0.006659072,0.008324128,0.009156767,0.009989458,0.010822185,0.01165493,0.012487679,0.013320415,0.01415312,0.014985779,0.015818375,0.016650892,0.017483313,0.018315621,0.019147801,0.019979835,0.020811706,0.021643398,0.022474895,0.023306178,0.024137233,0.02496804,0.025798585,0.026628849,0.027458815,0.028288467,0.029117787,0.029946758,0.030775362,0.031603582,0.0324314,0.033258798,0.034085759,0.034912265,0.035738298,0.036563839,0.03738887,0.038213373,0.03903733,0.03986072,0.040683526,0.041505729,0.042327309,0.043148246,0.043968521,0.044788113,0.045607004,0.046425172,0.047242596,0.048059257,0.048875131,0.049690198,0.050504437,0.051317823,0.052130336,0.052941952,0.053752647,0.054562399,0.055371181,0.056178971,0.056985742,0.057791469,0.058596125,0.059399685,0.06020212,0.061003402,0.061803503,0.062602393,0.063400043,0.064196422,0.064991499,0.065785241,0.066577616,0.067368589,0.068158128,0.068946195,0.069732756,0.070517773,0.071301208,0.072083023,0.072863178,0.073641633,0.074418346,0.075193276,0.075966379,0.076737611,0.077506929,0.078274287,0.079039637,0.079802935,0.080564132,0.081323181,0.082080032,0.082834638,0.083586948,0.084336913,0.085084483,0.085829609,0.086572239,0.087312326,0.007491558
0.007491543,0.009156666,0.009989336,0.010822057,0.011654812,0.012487585,0.01332036,0.01415312,0.014985848,0.015818529,0.016651146,0.017483681,0.018316119,0.019148443,0.019980637,0.020812683,0.021644566,0.022476267,0.023307772,0.024139061,0.02497012,0.025800931,0.026631476,0.027461739,0.028291703,0.02912135,0.029950663,0.030779625,0.031608218,0.032436425,0.033264229,0.03409161,0.034918552,0.035745036,0.036571044,0.037396558,0.03822156,0.039046031,0.039869952,0.040693305,0.041516071,0.042338229,0.043159761,0.043980648,0.044800869,0.045620404,0.046439233,0.047257336,0.048074691,0.048891277,0.049707073,0.050522057,0.051336208,0.052149502,0.052961916,0.053773428,0.054584014,0.055393649,0.05620231,0.05700997,0.057816605,0.058622189,0.059426695,0.060230096,0.061032363,0.061833469,0.062633385,0.063432081,0.064229526,0.06502569,0.065820541,0.066614046,0.067406171,0.068196883,0.068986147,0.069773927,0.070560185,0.071344886,0.07212799,0.072909458,0.073689249,0.074467324,0.07524364,0.076018155,0.076790825,0.077561605,0.078330451,0.079097316,0.079862155,0.080624919,0.081385562,0.082144034,0.082900287,0.083654271,0.084405938,0.085155236,0.085902117,0.08664653,0.087388425,0.088127752,0.008324063
0.008323978,0.009989165,0.010821866,0.011654615,0.012487398,0.013320197,0.014152996,0.014985779,0.015818529,0.01665123,0.017483865,0.018316418,0.019148872,0.01998121,0.020813416,0.021645474,0.022477366,0.023309075,0.024140585,0.02497188,0.025802941,0.026633752,0.027464297,0.028294557,0.029124516,0.029954157,0.030783462,0.031612413,0.032440994,0.033269186,0.034096972,0.034924334,0.035751254,0.036577714,0.037403696,0.038229181,0.039054151,0.039878587,0.040702471,0.041525783,0.042348505,0.043170617,0.043992099,0.044812932,0.045633096,0.04645257,0.047271335,0.048089368,0.04890665,0.049723159,0.050538873,0.05135377,0.052167828,0.052981025,0.053793337,0.05460474,0.055415211,0.056224726,0.057033259,0.057840785,0.058647279,0.059452714,0.060257063,0.061060298,0.061862392,0.062663316,0.063463039,0.064261533,0.065058766,0.065854707,0.066649323,0.067442582,0.06823445,0.069024891,0.06981387,0.070601352,0.071387299,0.072171672,0.072954433,0.073735543,0.074514959,0.075292642,0.076068548,0.076842635,0.077614858,0.078385172,0.079153532,0.079919891,0.080684202,0.081446419,0.082206491,0.082964371,0.08372001,0.084473358,0.085224365,0.08597298,0.086719155,0.087462839,0.088203981,0.088942533,0.009156531
0.009156362,0.01082161,0.011654339,0.012487116,0.013319925,0.014152748,0.014985571,0.015818375,0.016651146,0.017483865,0.018316517,0.019149086,0.019981554,0.020813905,0.021646122,0.022478189,0.023310089,0.024141804,0.024973319,0.025804616,0.026635679,0.027466489,0.028297031,0.029127287,0.02995724,0.030786872,0.031616166,0.032445105,0.033273671,0.034101846,0.034929613,0.035756953,0.03658385,0.037410283,0.038236236,0.039061689,0.039886625,0.040711024,0.041534868,0.042358137,0.043180812,0.044002874,0.044824304,0.04564508,0.046465183,0.047284594,0.04810329,0.048921251,0.049738456,0.050554883,0.051370511,0.052185318,0.05299928,0.053812375,0.054624579,0.055435869,0.056246221,0.057055609,0.05786401,0.058671396,0.059477743,0.060283023,0.061087209,0.061890272,0.062692186,0.063492919,0.064292444,0.065090728,0.065887741,0.06668345,0.067477824,0.068270828,0.069062427,0.069852588,0.070641274,0.071428447,0.072214071,0.072998106,0.073780514,0.074561253,0.075340282,0.07611756,0.076893044,0.077666689,0.078438452,0.079208286,0.079976145,0.080741983,0.081505753,0.082267406,0.083026893,0.083784165,0.084539174,0.085291868,0.086042199,0.086790116,0.087535568,0.088278506,0.089018879,0.089756638,0.009988946
0.009988678,0.011653985,0.012486741,0.013319544,0.014152377,0.014985223,0.015818067,0.016650892,0.017483681,0.018316418,0.019149086,0.019981669,0.020814149,0.021646511,0.022478738,0.023310813,0.024142719,0.024974439,0.025805956,0.026637255,0.027468316,0.028299124,0.029129662,0.029959911,0.030789855,0.031619477,0.032448759,0.033277683,0.034106232,0.034934388,0.035762134,0.036589451,0.037416321,0.038242725,0.039068647,0.039894066,0.040718965,0.041543324,0.042367125,0.043190348,0.044012974,0.044834984,0.045656357,0.046477073,0.047297113,0.048116456,0.04893508,0.049752965,0.05057009,0.051386432,0.05220197,0.053016681,0.053830542,0.054643531,0.055455623,0.056266795,0.057077022,0.057886279,0.058694542,0.059501783,0.060307976,0.061113095,0.061917111,0.062719996,0.063521722,0.064322259,0.065121576,0.065919642,0.066716427,0.067511897,0.068306019,0.069098759,0.069890082,0.070679952,0.071468333,0.072255188,0.073040478,0.073824164,0.074606206,0.075386562,0.076165192,0.076942053,0.077717101,0.078490291,0.079261579,0.080030919,0.080798263,0.081563566,0.082326778,0.083087852,0.083846738,0.084603387,0.085357749,0.086109774,0.086859412,0.087606613,0.088351326,0.089093501,0.089833088,0.090570039,0.010821291
0.010820909,0.012486272,0.013319054,0.014151881,0.014984737,0.015817605,0.01665047,0.017483313,0.018316119,0.019148872,0.019981554,0.020814149,0.021646641,0.022479013,0.023311247,0.024143328,0.024975239,0.025806962,0.02663848,0.027469778,0.028300837,0.02913164,0.029962171,0.030792412,0.031622346,0.032451956,0.033281223,0.034110131,0.034938661,0.035766796,0.036594518,0.037421808,0.03824865,0.039075023,0.039900911,0.040726294,0.041551153,0.04237547,0.043199225,0.044022399,0.044844973,0.045666927,0.04648824,0.047308894,0.048128866,0.048948138,0.049766687,0.050584492,0.051401532,0.052217785,0.053033228,0.05384784,0.054661596,0.055474474,0.056286449,0.057097498,0.057907595,0.058716716,0.059524834,0.060331924,0.061137958,0.061942908,0.062746748,0.063549449,0.06435098,0.065151312,0.065950414,0.066748255,0.067544803,0.068340024,0.069133885,0.069926352,0.070717388,0.071506958,0.072295025,0.07308155,0.073866495,0.07464982,0.075431484,0.076211446,0.076989664,0.077766094,0.078540692,0.079313414,0.080084213,0.080853044,0.081619859,0.08238461,0.08314725,0.083907729,0.084665998,0.085422007,0.086175706,0.086927045,0.087675974,0.088422442,0.089166398,0.089907794,0.090646579,0.091382704,0.011653551
0.011653039,0.013318455,0.014151262,0.014984112,0.01581699,0.016649878,0.017482761,0.018315621,0.019148443,0.01998121,0.020813905,0.021646511,0.022479013,0.023311392,0.024143633,0.024975718,0.025807632,0.026639356,0.027470874,0.028302168,0.029133223,0.02996402,0.030794543,0.031624774,0.032454696,0.033284291,0.034113541,0.03494243,0.035770939,0.036599051,0.037426747,0.038254009,0.03908082,0.03990716,0.040733011,0.041558354,0.042383171,0.043207442,0.044031149,0.044854271,0.04567679,0.046498685,0.047319936,0.048140523,0.048960425,0.049779622,0.050598091,0.051415813,0.052232764,0.053048924,0.053864269,0.054678776,0.055492422,0.056305184,0.057117038,0.057927958,0.05873792,0.059546898,0.060354866,0.061161798,0.061967666,0.062772443,0.0635761,0.064378608,0.065179937,0.065980056,0.066778936,0.067576543,0.068372845,0.069167809,0.0699614,0.070753583,0.071544323,0.072333582,0.073121323,0.073907508,0.074692096,0.075475048,0.076256322,0.077035877,0.077813669,0.078589655,0.079363791,0.080136029,0.080906326,0.081674633,0.082440903,0.083205088,0.083967139,0.084727007,0.085484643,0.086239995,0.086993015,0.087743651,0.088491854,0.089237572,0.089980756,0.090721355,0.091459321,0.092194603,0.012485709
0.012485052,0.014150518,0.014983348,0.01581622,0.016649117,0.017482024,0.018314924,0.019147801,0.019980637,0.020813416,0.021646122,0.022478738,0.023311247,0.024143633,0.024975878,0.025807967,0.026639881,0.027471604,0.02830312,0.02913441,0.029965458,0.030796248,0.03162676,0.032456979,0.033286886,0.034116464,0.034945697,0.035774564,0.03660305,0.037431136,0.038258804,0.039086035,0.039912812,0.040739116,0.041564928,0.042390229,0.043215001,0.044039224,0.04486288,0.045685947,0.046508407,0.04733024,0.048151425,0.048971942,0.04979177,0.050610888,0.051429275,0.052246909,0.053063767,0.053879829,0.05469507,0.055509469,0.056323001,0.057135642,0.057947368,0.058758154,0.059567975,0.060376805,0.061184618,0.061991386,0.062797082,0.063601677,0.064405144,0.065207452,0.066008571,0.06680847,0.067607118,0.068404483,0.069200531,0.069995228,0.070788539,0.071580429,0.072370862,0.0731598,0.073947204,0.074733036,0.075517256,0.076299823,0.077080695,0.077859829,0.078637183,0.079412711,0.080186369,0.08095811,0.081727889,0.082495657,0.083261367,0.08402497,0.084786416,0.085545658,0.086302643,0.087057323,0.087809646,0.088559563,0.089307022,0.090051974,0.090794368,0.091534154,0.092271283,0.093005706,0.013317747
0.013316931,0.014982445,0.015815296,0.016648188,0.017481104,0.018314028,0.019146944,0.019979835,0.020812683,0.021645474,0.022478189,0.023310813,0.024143328,0.024975718,0.025807967,0.026640056,0.02747197,0.02830369,0.029135202,0.029966486,0.030797526,0.031628305,0.032458805,0.033289009,0.0341189,0.03494846,0.035777671,0.036606516,0.037434976,0.038263034,0.039090671,0.039917869,0.04074461,0.041570875,0.042396645,0.043221902,0.044046626,0.044870798,0.045694398,0.046517408,0.047339806,0.048161573,0.048982689,0.049803132,0.050622882,0.051441918,0.052260218,0.05307776,0.053894522,0.054710481,0.055525615,0.056339899,0.057153311,0.057965827,0.05877742,0.059588067,0.060397741,0.061206417,0.062014067,0.062820665,0.063626181,0.064430589,0.065233858,0.066035958,0.066836859,0.06763653,0.068434939,0.069232052,0.070027836,0.070822257,0.071615278,0.072406865,0.07319698,0.073985585,0.074772642,0.07555811,0.076341949,0.077124118,0.077904575,0.078683276,0.079460177,0.080235233,0.081008399,0.081779628,0.082548874,0.083316088,0.084081222,0.084844226,0.085605052,0.08636365,0.087119969,0.087873959,0.088625569,0.089374749,0.090121448,0.090865616,0.091607203,0.092346159,0.093082434,0.093815981,0.014149651
0.014148659,0.015814218,0.016647089,0.017479999,0.018312933,0.019145873,0.019978803,0.020811706,0.021644566,0.022477366,0.023310089,0.024142719,0.024975239,0.025807632,0.026639881,0.02747197,0.028303881,0.029135597,0.029967102,0.030798378,0.031629408,0.032460175,0.033290661,0.034120849,0.034950721,0.03578026,0.036609448,0.037438267,0.0382667,0.039094727,0.039922331,0.040749493,0.041576196,0.042402419,0.043228145,0.044053354,0.044878027,0.045702144,0.046525687,0.047348635,0.048170968,0.048992667,0.049813709,0.050634075,0.051453743,0.052272693,0.053090901,0.053908347,0.054725007,0.05554086,0.056355881,0.057170047,0.057983334,0.058795718,0.059607173,0.060417675,0.061227196,0.062035711,0.062843193,0.063649613,0.064454944,0.065259156,0.066062219,0.066864104,0.06766478,0.068464214,0.069262374,0.070059226,0.070854737,0.071648871,0.072441593,0.073232866,0.074022652,0.074810914,0.07559761,0.076382702,0.077166149,0.077947907,0.078727935,0.079506188,0.080282623,0.081057193,0.081829853,0.082600555,0.083369252,0.084135896,0.084900438,0.085662828,0.086423017,0.087180954,0.08793659,0.088689873,0.089440753,0.090189179,0.090935101,0.091678468,0.09241923,0.093157338,0.093892743,0.094625397,0.014981402
0.014980221,0.016645821,0.017478711,0.018311638,0.019144588,0.019977542,0.020810484,0.021643398,0.022476267,0.023309075,0.024141804,0.024974439,0.025806962,0.026639356,0.027471604,0.02830369,0.029135597,0.029967307,0.030798804,0.03163007,0.032461088,0.033291841,0.03412231,0.03495248,0.035782331,0.036611847,0.03744101,0.038269801,0.039098203,0.039926197,0.040753766,0.041580889,0.04240755,0.043233729,0.044059408,0.044884566,0.045709185,0.046533245,0.047356727,0.04817961,0.049001875,0.049823501,0.050644466,0.051464751,0.052284334,0.053103193,0.053921306,0.054738651,0.055555205,0.056370946,0.057185849,0.057999892,0.058813049,0.059625295,0.060436607,0.061246957,0.06205632,0.062864668,0.063671974,0.06447821,0.065283347,0.066087356,0.066890206,0.067691868,0.068492309,0.069291497,0.070089399,0.070885981,0.071681209,0.072475047,0.073267459,0.074058407,0.074847853,0.075635759,0.076422084,0.077206787,0.077989827,0.078771162,0.079550748,0.08032854,0.081104494,0.081878563,0.082650701,0.083420861,0.084188994,0.084955052,0.085718985,0.086480745,0.08724028,0.08799754,0.088752475,0.089505034,0.090255167,0.091002821,0.091747948,0.092490497,0.093230417,0.093967661,0.094702179,0.095433923,0.015812986
0.015811599,0.017477238,0.018310145,0.019143088,0.019976051,0.020809018,0.021641971,0.022474895,0.023307772,0.024140585,0.024973319,0.025805956,0.02663848,0.027470874,0.02830312,0.029135202,0.029967102,0.030798804,0.031630291,0.032461545,0.033292548,0.034123285,0.034953736,0.035783885,0.036613713,0.037443204,0.038272339,0.0391011,0.039929469,0.040757427,0.041584957,0.04241204,0.043238657,0.044064788,0.044890416,0.045715521,0.046540083,0.047364082,0.0481875,0.049010315,0.049832508,0.050654057,0.051474942,0.052295141,0.053114634,0.053933398,0.054751411,0.055568651,0.056385095,0.057200719,0.058015499,0.058829413,0.059642434,0.060454538,0.0612657,0.062075892,0.062885089,0.063693264,0.064500387,0.065306432,0.066111368,0.066915166,0.067717795,0.068519225,0.069319423,0.070118356,0.070915991,0.071712294,0.072507228,0.073300759,0.07409285,0.074883462,0.075672556,0.076460094,0.077246035,0.078030337,0.078812959,0.079593856,0.080372985,0.081150302,0.08192576,0.082699314,0.083470915,0.084240516,0.085008069,0.085773525,0.086536834,0.087297945,0.08805681,0.088813376,0.089567593,0.090319411,0.091068778,0.091815644,0.092559958,0.093301671,0.094040733,0.094777095,0.095510709,0.096241527,0.016644384
0.016642777,0.018308451,0.019141374,0.019974331,0.020807307,0.021640284,0.022473247,0.023306178,0.024139061,0.02497188,0.025804616,0.026637255,0.027469778,0.028302168,0.02913441,0.029966486,0.030798378,0.03163007,0.032461545,0.033292784,0.034123772,0.03495449,0.03578492,0.036615046,0.037444849,0.038274312,0.039103417,0.039932145,0.040760478,0.041588399,0.042415888,0.043242926,0.044069496,0.044895578,0.045721152,0.0465462,0.047370701,0.048194637,0.049017987,0.04984073,0.050662847,0.051484316,0.052305116,0.053125226,0.053944625,0.05476329,0.055581198,0.056398328,0.057214656,0.058030158,0.058844811,0.05965859,0.06047147,0.061283425,0.06209443,0.062904459,0.063713484,0.064521478,0.065328411,0.066134257,0.066938984,0.067742564,0.068544964,0.069346153,0.070146098,0.070944767,0.071742125,0.072538138,0.073332769,0.074125983,0.07491774,0.075708005,0.076496736,0.077283894,0.078069438,0.078853325,0.079635514,0.08041596,0.081194619,0.081971446,0.082746394,0.083519416,0.084290465,0.085059492,0.085826449,0.086591285,0.087353952,0.088114399,0.088872575,0.08962843,0.090381912,0.091132971,0.091881555,0.092627615,0.0933711,0.094111959,0.094850145,0.095585608,0.0963183,0.097048175,0.01747558
0.017473739,0.019139445,0.019972382,0.020805351,0.021638338,0.022471325,0.023304295,0.024137233,0.02497012,0.025802941,0.026635679,0.027468316,0.028300837,0.029133223,0.029965458,0.030797526,0.031629408,0.032461088,0.033292548,0.034123772,0.034954741,0.035785438,0.036615846,0.037445946,0.038275722,0.039105154,0.039934226,0.040762919,0.041591214,0.042419094,0.043246539,0.044073531,0.04490005,0.045726079,0.046551596,0.047376584,0.048201022,0.04902489,0.049848168,0.050670836,0.051492873,0.052314258,0.05313497,0.053954986,0.054774286,0.055592847,0.056410647,0.057227662,0.058043869,0.058859244,0.059673763,0.060487401,0.061300134,0.062111935,0.062922777,0.063732635,0.064541481,0.065349287,0.066156024,0.066961663,0.067766173,0.068569525,0.069371687,0.070172626,0.070972311,0.071770706,0.072567777,0.073363489,0.074157806,0.074950691,0.075742105,0.076532009,0.077320365,0.07810713,0.078892264,0.079675724,0.080457466,0.081237447,0.082015621,0.082791942,0.083566364,0.084338839,0.08510932,0.085877756,0.0866441,0.087408302,0.08817031,0.088930075,0.089687545,0.090442671,0.0911954,0.091945682,0.092693466,0.093438702,0.094181339,0.094921328,0.09565862,0.096393166,0.097124921,0.097853836,0.018306559
0.018304467,0.019970203,0.020803151,0.021636132,0.022469128,0.023302122,0.024135099,0.02496804,0.025800931,0.026633752,0.027466489,0.028299124,0.02913164,0.02996402,0.030796248,0.031628305,0.032460175,0.033291841,0.034123285,0.03495449,0.035785438,0.036616112,0.037446495,0.038276567,0.039106313,0.039935713,0.040764749,0.041593404,0.042421659,0.043249494,0.044076893,0.044903835,0.045730301,0.046556273,0.047381731,0.048206655,0.049031026,0.049854823,0.050678026,0.051500615,0.052322568,0.053143864,0.053964483,0.054784402,0.055603599,0.056422051,0.057239736,0.058056631,0.058872712,0.059687955,0.060502335,0.061315827,0.062128406,0.062940045,0.063750719,0.064560399,0.065369059,0.066176669,0.066983202,0.067788626,0.068592911,0.069396027,0.070197942,0.070998622,0.071798035,0.072596146,0.073392921,0.074188322,0.074982313,0.075774858,0.076565916,0.077355449,0.078143416,0.078929775,0.079714486,0.080497504,0.081278786,0.082058287,0.08283596,0.083611761,0.084385642,0.085157554,0.08592745,0.086695279,0.087460993,0.088224542,0.088985874,0.08974494,0.090501687,0.091256066,0.092008024,0.092757512,0.093504477,0.094248871,0.094990643,0.095729744,0.096466125,0.097199738,0.097930537,0.098658477,0.019137302
0.019134944,0.020800707,0.021633666,0.022466656,0.023299659,0.02413266,0.024965641,0.025798585,0.026631476,0.027464297,0.028297031,0.029129662,0.029962171,0.030794543,0.03162676,0.032458805,0.033290661,0.03412231,0.034953736,0.03578492,0.036615846,0.037446495,0.038276849,0.039106892,0.039936605,0.04076597,0.041594968,0.042423582,0.043251793,0.044079582,0.044906931,0.04573382,0.04656023,0.047386142,0.048211537,0.049036394,0.049860694,0.050684416,0.05150754,0.052330046,0.053151911,0.053973115,0.054793636,0.055613452,0.056432541,0.05725088,0.058068446,0.058885216,0.059701165,0.06051627,0.061330504,0.062143844,0.062956263,0.063767735,0.064578232,0.065387728,0.066196194,0.067003602,0.067809921,0.068615122,0.069419174,0.070222046,0.071023704,0.071824116,0.072623248,0.073421064,0.074217531,0.07501261,0.075806265,0.076598457,0.077389147,0.078178295,0.078965861,0.079751802,0.080536075,0.081318637,0.082099444,0.08287845,0.083655608,0.084430873,0.085204196,0.085975529,0.086744823,0.087512029,0.088277096,0.089039975,0.089800613,0.090558962,0.091314968,0.092068582,0.092819751,0.093568426,0.094314556,0.09505809,0.095798979,0.096537174,0.097272626,0.098005289,0.098735117,0.099462063,0.019967794
0.019965155,0.02163094,0.022463909,0.023296907,0.024129916,0.024962921,0.025795904,0.026628849,0.027461739,0.028294557,0.029127287,0.029959911,0.030792412,0.031624774,0.032456979,0.033289009,0.034120849,0.03495248,0.035783885,0.036615046,0.037445946,0.038276567,0.039106892,0.039936902,0.04076658,0.041595907,0.042424864,0.043253435,0.044081599,0.044909338,0.045736634,0.046563467,0.047389818,0.048215667,0.049040995,0.049865782,0.050690007,0.051513651,0.052336692,0.05315911,0.053980883,0.05480199,0.055622409,0.056442118,0.057261094,0.058079315,0.058896756,0.059713395,0.060529207,0.061344167,0.062158251,0.062971432,0.063783684,0.064594981,0.065405296,0.0662146,0.067022864,0.067830061,0.068636159,0.069441129,0.070244938,0.071047556,0.071848948,0.072649081,0.073447922,0.074245434,0.075041581,0.075836327,0.076629633,0.077421461,0.078211771,0.079000522,0.079787672,0.08057318,0.081357002,0.082139094,0.082919411,0.083697906,0.084474534,0.085249247,0.086021996,0.086792733,0.087561409,0.088327974,0.089092376,0.089854567,0.090614495,0.091372108,0.092127355,0.092880186,0.093630549,0.094378393,0.095123668,0.095866324,0.096606312,0.097343584,0.09807809,0.098809786,0.099538625,0.1002645625028441,0.020798017
0.020795082,0.022460887,0.023293864,0.024126867,0.02495988,0.025792887,0.026625871,0.027458815,0.028291703,0.029124516,0.02995724,0.030789855,0.031622346,0.032454696,0.033286886,0.0341189,0.034950721,0.035782331,0.036613713,0.037444849,0.038275722,0.039106313,0.039936605,0.04076658,0.041596219,0.042425505,0.04325442,0.044082943,0.044911058,0.045738745,0.046565985,0.047392758,0.048219046,0.049044829,0.049870086,0.050694799,0.051518946,0.052342507,0.053165461,0.053987787,0.054809463,0.055630469,0.056450781,0.057270378,0.058089236,0.058907333,0.059724645,0.060541147,0.061356816,0.062171626,0.062985551,0.063798567,0.064610646,0.065421762,0.066231886,0.06704099,0.067849046,0.068656023,0.069461892,0.070266621,0.071070179,0.071872532,0.072673649,0.073473494,0.074272032,0.075069228,0.075865045,0.076659446,0.077452391,0.078243842,0.079033759,0.079822099,0.080608821,0.081393882,0.082177238,0.082958845,0.083738656,0.084516626,0.085292707,0.086066851,0.08683901,0.087609134,0.088377174,0.08914308,0.089906801,0.090668286,0.091427484,0.092184344,0.092938814,0.093690844,0.094440381,0.095187377,0.095931779,0.09667354,0.097412609,0.098148939,0.098882483,0.099613194,0.1003410275752979,0.1010659398296172,0.021627955
0.021624709,0.02329053,0.024123512,0.024956519,0.025789535,0.026622543,0.027455526,0.028288467,0.02912135,0.029954157,0.030786872,0.031619477,0.032451956,0.033284291,0.034116464,0.03494846,0.03578026,0.036611847,0.037443204,0.038274312,0.039105154,0.039935713,0.04076597,0.041595907,0.042425505,0.043254748,0.044083616,0.04491209,0.045740152,0.046567783,0.047394963,0.048221674,0.049047896,0.049873608,0.050698792,0.051523426,0.05234749,0.053170964,0.053993827,0.054816057,0.055637633,0.056458532,0.057278733,0.058098212,0.058916947,0.059734915,0.060552091,0.061368451,0.06218397,0.062998623,0.063812385,0.064625228,0.065437127,0.066248054,0.067057979,0.067866876,0.068674714,0.069481464,0.070287094,0.071091574,0.07189487,0.072696951,0.073497781,0.074297327,0.075095552,0.075892421,0.076687896,0.07748194,0.078274512,0.079065573,0.079855082,0.080642998,0.081429278,0.082213878,0.082996753,0.083777859,0.084557149,0.085334577,0.086110095,0.086883654,0.087655205,0.0884247,0.089192087,0.089957316,0.090720337,0.091481099,0.092239549,0.092995637,0.093749311,0.094500521,0.095249215,0.095995343,0.096738855,0.097479702,0.098217835,0.098953206,0.099685769,0.100415479,0.1011422903753785,0.1018661610251297,0.02245759
0.022454018,0.024119852,0.024952838,0.025785848,0.026618864,0.027451871,0.028284851,0.029117787,0.029950663,0.030783462,0.031616166,0.032448759,0.033281223,0.034113541,0.034945697,0.035777671,0.036609448,0.03744101,0.038272339,0.039103417,0.039934226,0.040764749,0.041594968,0.042424864,0.04325442,0.044083616,0.044912434,0.045740856,0.046568862,0.047396433,0.048223551,0.049050196,0.049876347,0.050701986,0.051527091,0.052351643,0.053175621,0.053999004,0.054821771,0.0556439,0.05646537,0.057286158,0.058106242,0.058925599,0.059744205,0.060562038,0.061379072,0.062195284,0.063010647,0.063825138,0.064638728,0.065451393,0.066263104,0.067073833,0.067883553,0.068692234,0.069499846,0.07030636,0.071111742,0.071915963,0.072718988,0.073520785,0.074321318,0.075120554,0.075918455,0.076714985,0.077510106,0.07830378,0.079095966,0.079886624,0.080675713,0.081463191,0.082249013,0.083033136,0.083815516,0.084596106,0.085374859,0.086151729,0.086926666,0.087699623,0.08847055,0.089239396,0.090006113,0.090770648,0.091532951,0.09229297,0.093050654,0.093805952,0.094558812,0.095309183,0.096057015,0.096802257,0.09754486,0.098284775,0.099021954,0.099756349,0.1004879141099902,0.1012166051797852,0.1019423782853401,0.1026651912553036,0.023286907
0.023282992,0.024948836,0.025781824,0.026614834,0.027447849,0.028280853,0.029113828,0.029946758,0.030779625,0.031612413,0.032445105,0.033277683,0.034110131,0.03494243,0.035774564,0.036606516,0.037438267,0.038269801,0.0391011,0.039932145,0.040762919,0.041593404,0.042423582,0.043253435,0.044082943,0.04491209,0.045740856,0.046569221,0.047397168,0.048224677,0.049051729,0.049878303,0.050704381,0.051529942,0.052354965,0.053179431,0.054003318,0.054826606,0.055649272,0.056471296,0.057292655,0.058113327,0.058933289,0.059752517,0.06057099,0.061388681,0.062205568,0.063021624,0.063836826,0.064651146,0.065464559,0.066277036,0.067088552,0.067899077,0.068708583,0.069517039,0.070324417,0.071130684,0.07193581,0.072739762,0.073542506,0.074344008,0.075144234,0.075943149,0.076740714,0.077536893,0.078331648,0.079124938,0.079916725,0.080706967,0.081495621,0.082282645,0.083067996,0.083851628,0.084633496,0.085413553,0.086191753,0.086968048,0.087742388,0.088514726,0.08928501,0.090053191,0.090819218,0.091583041,0.092344607,0.093103865,0.093860765,0.094615253,0.09536728,0.096116795,0.096863746,0.097608084,0.09834976,0.099088724,0.09982493,0.1005583314347774,0.101288882,0.1020165377051983,0.1027412559450241,0.1034629952958958,0.024115887
0.024111615,0.025777465,0.026610453,0.027443462,0.028276474,0.029109473,0.029942441,0.030775362,0.031608218,0.032440994,0.033273671,0.034106232,0.034938661,0.035770939,0.03660305,0.037434976,0.0382667,0.039098203,0.039929469,0.040760478,0.041591214,0.042421659,0.043251793,0.044081599,0.044911058,0.045740152,0.046568862,0.047397168,0.048225053,0.049052496,0.049879477,0.050705978,0.051531978,0.052357457,0.053182394,0.054006769,0.054830561,0.055653748,0.05647631,0.057298223,0.058119466,0.058940016,0.059759851,0.060578946,0.061397278,0.062214822,0.063031555,0.06384745,0.064662482,0.065476626,0.066289853,0.067102136,0.067913449,0.068723761,0.069533044,0.070341267,0.071148401,0.071954413,0.072759272,0.073562945,0.074365397,0.075166594,0.075966502,0.076765083,0.0775623,0.078358116,0.079152491,0.079945386,0.08073676,0.08152657,0.082314776,0.083101332,0.083886196,0.08466932,0.085450661,0.086230169,0.087007799,0.087783502,0.088557228,0.089328928,0.090098552,0.090866049,0.091631369,0.09239446,0.093155271,0.09391375,0.094669845,0.095423506,0.096174681,0.096923319,0.097669371,0.098412786,0.099153516,0.099891513,0.1006267288017567,0.1013591183812547,0.1020886367648177,0.102815241,0.1035388876081413,0.1042595375491537,0.024944513
0.024939869,0.026605721,0.027438708,0.028271713,0.02910472,0.029937712,0.030770671,0.031603582,0.032436425,0.033269186,0.034101846,0.034934388,0.035766796,0.036599051,0.037431136,0.038263034,0.039094727,0.039926197,0.040757427,0.041588399,0.042419094,0.043249494,0.044079582,0.044909338,0.045738745,0.046567783,0.047396433,0.048224677,0.049052496,0.049879869,0.050706776,0.0515332,0.052359118,0.05318451,0.054009357,0.054833637,0.055657329,0.056480412,0.057302863,0.058124661,0.058945782,0.059766205,0.060585907,0.061404862,0.062223048,0.063040439,0.063857011,0.064672738,0.065487594,0.066301553,0.067114587,0.067926668,0.068737769,0.06954786,0.070356911,0.071164893,0.071971773,0.072777521,0.073582103,0.074385485,0.075187635,0.075988516,0.076788093,0.077586329,0.078383186,0.079178625,0.079972608,0.080765093,0.08155604,0.082345405,0.083133147,0.08391922,0.08470358,0.085486182,0.086266978,0.087045922,0.087822964,0.088598057,0.089371151,0.090142196,0.090911141,0.091677936,0.09244253,0.093204871,0.093964907,0.094722587,0.09547786,0.096230674,0.096980978,0.097728721,0.098473855,0.099216328,0.099956094,0.1006931042943471,0.1014273123541216,0.1021586730142956,0.1028871422289845,0.1036126773337834,0.1043352371440694,0.1050547820458448,0.025772769
0.025767737,0.027433588,0.028266571,0.029099571,0.029932571,0.030765554,0.031598502,0.0324314,0.033264229,0.034096972,0.034929613,0.035762134,0.036594518,0.037426747,0.038258804,0.039090671,0.039922331,0.040753766,0.041584957,0.042415888,0.043246539,0.044076893,0.044906931,0.045736634,0.046565985,0.047394963,0.048223551,0.049051729,0.049879477,0.050706776,0.051533607,0.052359948,0.05318578,0.054011083,0.054835834,0.055660015,0.056483602,0.057306574,0.05812891,0.058950587,0.059771582,0.060591873,0.061411434,0.062230244,0.063048277,0.063865508,0.064681913,0.065497465,0.066312137,0.067125904,0.067938737,0.068750608,0.069561489,0.07037135,0.071180161,0.07198789,0.072794508,0.07359998,0.074404274,0.075207356,0.076009192,0.076809745,0.07760898,0.078406858,0.079203342,0.079998392,0.080791968,0.08158403,0.082374535,0.08316344,0.083950702,0.084736277,0.085520118,0.08630218,0.087082415,0.087860776,0.088637214,0.08941168,0.090184123,0.090954494,0.091722743,0.092488817,0.093252665,0.094014237,0.094773479,0.095530342,0.096284772,0.09703672,0.097786133,0.098532963,0.099277159,0.1000186729063619,0.1007574560601263,0.1014934617378553,0.1022266440738671,0.1029569584350479,0.1036843615284265,0.1044088115023399,0.1051302680405521,0.1058486924483465,0.026600637
0.026595202,0.028261047,0.029094025,0.029927018,0.030760009,0.031592981,0.032425916,0.033258798,0.03409161,0.034924334,0.035756953,0.036589451,0.037421808,0.038254009,0.039086035,0.039917869,0.040749493,0.041580889,0.04241204,0.043242926,0.044073531,0.044903835,0.04573382,0.046563467,0.047392758,0.048221674,0.049050196,0.049878303,0.050705978,0.0515332,0.052359948,0.053186203,0.054011945,0.054837153,0.055661805,0.056485881,0.057309358,0.058132216,0.058954431,0.059775981,0.060596844,0.061416995,0.062236412,0.063055069,0.063872943,0.064690007,0.065506237,0.066321606,0.067136088,0.067949655,0.068762279,0.069573931,0.070384583,0.071194205,0.072002765,0.072810233,0.073616577,0.074421764,0.07522576,0.076028531,0.07683004,0.077630254,0.078429133,0.079226641,0.080022738,0.080817385,0.081610541,0.082402165,0.083192213,0.083980643,0.084767411,0.08555247,0.086335776,0.087117281,0.087896938,0.088674699,0.089450514,0.090224334,0.090996109,0.091765788,0.09253332,0.093298654,0.094061738,0.094822521,0.095580951,0.096336976,0.097090545,0.097841606,0.098590111,0.099336007,0.1000792474873698,0.1008197823103054,0.1015575644884963,0.1022925476339824,0.1030246865464292,0.1037539373230326,0.1044802574625356,0.1052036059624384,0.1059239434084605,0.1066412320558154,0.027428101
